outfile_humpbacknorth_0.4:    1  Theta_1         0.12360  0.19320  0.21450  0.22860  0.29100  0.20550  0.20612
outfile_humpbacknorth_0.45:    1  Theta_1         0.10020  0.14940  0.16230  0.17400  0.24060  0.17070  0.17666
outfile_humpbacknorth_0.5:    1  Theta_1         0.07500  0.12420  0.12870  0.13320  0.20520  0.13710  0.14006
outfile_humpbacknorth_0.55:    1  Theta_1         0.04980  0.07980  0.09990  0.12180  0.17280  0.10650  0.10881
outfile_humpbacknorth_0.6:    1  Theta_1         0.04380  0.06780  0.07770  0.08760  0.12000  0.08250  0.08458
outfile_humpbacknorth_0.65:    1  Theta_1         0.02220  0.04560  0.06030  0.07620  0.11220  0.06450  0.06594
outfile_humpbacknorth_0.7:    1  Theta_1         0.01380  0.03420  0.04770  0.06060  0.09120  0.05070  0.05160
outfile_humpbacknorth_0.75:    1  Theta_1         0.00720  0.02580  0.03750  0.04920  0.07380  0.03990  0.04034
outfile_humpbacknorth_0.8:    1  Theta_1         0.00240  0.01920  0.03030  0.04020  0.06000  0.03150  0.03150
outfile_humpbacknorth_0.85:    1  Theta_1         0.00000  0.01380  0.02370  0.03300  0.04800  0.02490  0.02436
outfile_humpbacknorth_0.9:    1  Theta_1         0.00000  0.00960  0.01830  0.02700  0.04020  0.02010  0.01884
outfile_humpbacknorth_0.95:    1  Theta_1         0.00000  0.00600  0.01470  0.02160  0.03480  0.01710  0.01460
outfile_humpbacknorth_1.0:    1  Theta_1         0.00000  0.00420  0.01170  0.01860  0.03120  0.01470  0.01162
