outfile_plasmodium_0.4:    1  Theta_1         0.17262  0.24408  0.26307  0.27864  0.31626  0.24867  0.24528
outfile_plasmodium_0.45:    1  Theta_1         0.13770  0.18864  0.20673  0.25128  0.30492  0.21861  0.22092
outfile_plasmodium_0.5:    1  Theta_1         0.09414  0.12996  0.15777  0.18108  0.23904  0.16191  0.16532
outfile_plasmodium_0.55:    1  Theta_1         0.06390  0.08298  0.11007  0.14184  0.17586  0.11493  0.11740
outfile_plasmodium_0.6:    1  Theta_1         0.04446  0.07128  0.07353  0.07542  0.11358  0.07749  0.07934
outfile_plasmodium_0.65:    1  Theta_1         0.02826  0.03852  0.04779  0.05796  0.07254  0.05031  0.05148
outfile_plasmodium_0.7:    1  Theta_1         0.01566  0.02340  0.03051  0.03762  0.04752  0.03177  0.03239
outfile_plasmodium_0.75:    1  Theta_1         0.00432  0.01332  0.01917  0.02448  0.03510  0.01953  0.01972
outfile_plasmodium_0.8:    1  Theta_1         0.00000  0.00684  0.01179  0.01638  0.02304  0.01215  0.01178
outfile_plasmodium_0.85:    1  Theta_1         0.00000  0.00288  0.00693  0.01080  0.01710  0.00837  0.00700
outfile_plasmodium_0.9:    1  Theta_1         0.00000  0.00072  0.00423  0.00738  0.01422  0.00657  0.00417
outfile_plasmodium_0.95:    1  Theta_1         0.00000  0.00000  0.00243  0.00558  0.01260  0.00567  0.00252
outfile_plasmodium_1.0:    1  Theta_1         0.00000  0.00000  0.00171  0.00522  0.01170  0.00531  0.00166
